0.0
0.005353797227144241
0.021170442923903465
0.0470828153192997
0.08272381126880646
0.12772628664970398
0.18172314763069153
0.24434727430343628
0.3152315616607666
0.3940088450908661
0.4803120195865631
0.5737740397453308
0.674027681350708
0.7807058095932007
0.8934415578842163
1.0118675231933594
1.1356167793273926
1.26432204246521
1.3976163864135742
1.5351322889328003
1.67650306224823
1.8213614225387573
1.9693405628204346
2.120073080062866
2.273191452026367
2.4283292293548584
2.5851187705993652
2.7431936264038086
2.9021859169006348
3.0617289543151855
3.2214560508728027
3.3809986114501953
3.5399913787841797
3.698065757751465
3.854856252670288
4.009993553161621
4.163112640380859
4.313844680786133
4.461823463439941
4.606681823730469
4.748052597045898
4.885568141937256
5.018862724304199
5.147568702697754
5.271318435668945
5.389743804931641
5.50247859954834
5.609158039093018
5.70941162109375
5.802873611450195
5.889176845550537
5.967952728271484
6.038837432861328
6.101462364196777
6.155459403991699
6.200462341308594
6.236103057861328
6.262015342712402
6.277831077575684
6.2831854820251465